time (s)	theta (A)	maj axis/z0	min axis/z0	crossing#mod 255
4134.240256	118.612564	1.055451	0.285036	91
4136.303931	119.505760	1.059798	0.283416	93
4138.366345	120.674370	1.059134	0.279319	95
4140.430008	121.328247	1.053728	0.274153	97
4142.496311	121.167534	1.051434	0.271019	99
4144.564120	120.657616	1.050779	0.267792	101
4146.631149	120.440346	1.049339	0.263944	103
4148.697150	120.531601	1.049255	0.260721	105
4150.761965	120.815704	1.048668	0.257340	107
4152.826585	121.142456	1.047811	0.254347	109
4154.891206	121.516335	1.047413	0.250800	111
4156.956333	121.686630	1.043244	0.246950	113
4159.021642	121.872139	1.041896	0.243690	115
4161.086645	122.101540	1.040563	0.239986	117
4163.150740	122.443291	1.042337	0.236821	119
4165.214410	122.828323	1.045620	0.233649	121
4167.276869	123.370537	1.044833	0.229480	123
4169.338855	123.774467	1.043022	0.226021	125
4171.402473	124.158249	1.039409	0.223181	127
4173.468866	124.229843	1.035932	0.219792	129
4175.535768	124.069977	1.035474	0.217541	131
4177.602978	124.101456	1.034369	0.214073	133
4179.667079	124.211098	1.036150	0.211036	135
4181.731147	124.352577	1.035943	0.207972	137
4183.793285	124.725281	1.037440	0.205014	139
4185.856085	125.159546	1.036560	0.202324	141
4187.919887	125.452957	1.034716	0.199047	143
4189.984169	125.693260	1.032797	0.195671	145
4192.048737	125.846397	1.030150	0.192537	147
4194.112940	125.943451	1.027787	0.188931	149
4196.177186	126.223526	1.026475	0.185820	151
4198.241531	126.379852	1.025827	0.183583	153
4200.306003	126.590149	1.024411	0.180391	155
4202.370882	126.529625	1.023605	0.177752	157
4204.436637	126.263298	1.021417	0.174327	159
4206.502893	126.013176	1.021205	0.171615	161
4208.568914	125.766861	1.019946	0.169006	163
4210.633398	125.875473	1.021699	0.166507	165
4212.696108	126.307419	1.019594	0.163388	167
4214.757686	126.983009	1.020208	0.160690	169
4216.820125	127.645714	1.019342	0.157217	171
4218.883390	127.853561	1.017420	0.154412	173
4220.948003	127.849167	1.014610	0.151619	175
4223.013193	127.697952	1.013024	0.149437	177
4225.078702	127.525719	1.011913	0.147067	179
4227.143603	127.485489	1.012168	0.145152	181
4229.208354	127.460648	1.011312	0.141979	183
4231.272871	127.662300	1.009415	0.139121	185
4233.336810	127.780945	1.007560	0.136258	187
4235.400469	127.939926	1.006354	0.133204	189
4237.463634	128.147446	1.006040	0.131244	191
4239.526597	128.376236	1.006762	0.129079	193
4241.589297	128.584183	1.006353	0.126462	195
4243.652214	128.775482	1.005380	0.124009	197
4245.715935	128.875351	1.003430	0.121416	199
4247.780494	128.876556	1.000275	0.119321	201
4249.846481	128.848816	0.999684	0.117588	203
4251.912482	128.888199	0.998772	0.115642	205
4253.977872	128.971832	0.998147	0.112660	207
4256.042363	128.950104	0.997457	0.110365	209
4258.105054	129.041000	0.996758	0.107397	211
4260.167852	129.146088	0.995897	0.104868	213
4262.230519	129.300003	0.994897	0.102479	215
4264.293041	129.508560	0.993273	0.100078	217
4266.356117	129.700378	0.991359	0.097793	219
4268.420018	129.870224	0.988468	0.095717	221
4270.483752	129.887268	0.986605	0.093525	223
4272.547778	129.982300	0.985477	0.091073	225
4274.612234	129.975266	0.984442	0.088665	227
4276.677082	129.938049	0.982466	0.086358	229
4278.742260	129.817398	0.982154	0.083893	231
4280.807288	129.715576	0.981866	0.081438	233
4282.871731	129.777069	0.981387	0.079482	235
4284.935493	129.787292	0.980835	0.077502	237
4286.997994	130.119080	0.981462	0.075881	239
4289.060066	130.394226	0.983823	0.073956	241
4291.121817	130.765503	0.982074	0.071457	243
4293.184401	130.996445	0.981106	0.069119	245
4295.247655	131.121124	0.979445	0.066899	247
4297.311322	131.115555	0.978233	0.065071	249
4299.375625	131.137650	0.975849	0.062926	251
4301.439965	131.052582	0.974406	0.061130	253
4303.503957	131.051880	0.973658	0.059057	255
4305.568084	131.074188	0.973253	0.057654	1
4307.631481	131.145813	0.971534	0.056249	3
4309.694981	131.179489	0.970403	0.053409	5
4311.758246	131.137177	0.969670	0.051691	7
4313.821286	131.265930	0.969504	0.049505	9
4315.884544	131.300461	0.967616	0.047739	11
4317.948193	131.302109	0.965812	0.045513	13
4320.012623	131.323334	0.963989	0.043705	15
4322.077841	131.379990	0.961645	0.041735	17
4324.143292	131.473221	0.958757	0.039642	19
4326.208412	131.542221	0.957307	0.038051	21
4328.273198	131.621292	0.956062	0.036237	23
4330.336725	131.581696	0.955777	0.034185	25
4332.399887	311.614105	-0.955842	-0.032265	27
4334.462931	131.625671	0.954923	0.030368	29
4336.525618	311.624512	-0.950641	-0.028137	31
4338.588394	131.653229	0.948901	0.026386	33
4340.651685	131.691269	0.948773	0.025016	35
4342.715187	311.695007	-0.948604	-0.023494	37
4344.778981	311.760986	-0.947527	-0.021818	39
4346.843209	131.742691	0.945789	0.020099	41
4348.907502	131.757034	0.944771	0.018378	43
4350.971729	131.744095	0.944065	0.016778	45
4353.036064	131.831955	0.942159	0.014848	47
4355.099915	131.766586	0.941210	0.013101	49
4357.163256	131.933792	0.939297	0.011080	51
4359.225284	132.038010	0.939458	0.010150	53
4361.287407	132.155548	0.938392	0.008258	55
4363.349574	312.182495	-0.938423	-0.006390	57
4365.411895	132.286652	0.937667	0.004654	59
4367.474449	132.362793	0.936068	0.002870	61
4369.537611	132.319351	0.934399	0.001322	63
4371.601084	132.333527	0.931994	-0.000470	65
4373.664896	312.277466	-0.932111	0.001886	67
4375.728295	132.248856	0.930197	-0.003440	69
4377.791763	132.231873	0.929491	-0.005039	71
4379.855428	312.209808	-0.929284	0.006636	73
4381.918858	312.212341	-0.928453	0.008401	75
4383.981961	312.149536	-0.928487	0.009615	77
4386.045451	132.148773	0.925951	-0.011203	79
4388.109538	132.172821	0.923511	-0.012539	81
4390.173664	312.212585	-0.920630	0.013899	83
4392.238339	312.277832	-0.918426	0.015393	85
4394.303008	312.348969	-0.914443	0.017093	87
4396.368258	312.434265	-0.913055	0.018220	89
4398.432941	312.563080	-0.911906	0.019747	91
4400.497224	132.631500	0.911926	-0.020977	93
4402.560577	132.541122	0.911748	-0.022926	95
4404.623505	132.489609	0.912049	-0.024487	97
4406.686528	312.414856	-0.912821	0.026131	99
4408.749535	312.347260	-0.911208	0.027498	101
4410.812479	312.383057	-0.910458	0.028879	103
4412.876004	312.337128	-0.909178	0.030568	105
4414.939426	312.327637	-0.907327	0.031993	107
4417.003016	132.311813	0.905663	-0.033642	109
