time (s)	theta (A)	maj axis/z0	min axis/z0	crossing#mod 255
6841.775851	212.190323	0.002396	-0.128279	97
6852.174212	50.749702	0.001807	0.000074	99
6866.636347	9.465019	-0.006814	-0.042995	101
6868.578893	99.682442	-0.357254	-0.275072	103
6870.660923	100.908989	-0.360759	-0.268514	105
6872.735777	95.568855	-0.356608	-0.271852	107
6874.765587	97.470459	-0.353278	-0.274428	109
6876.874221	99.780632	-0.358082	-0.268502	111
6878.909351	100.470749	-0.354739	-0.271466	113
6880.975499	102.121368	-0.358977	-0.267350	115
6883.045837	102.563530	-0.355930	-0.268978	117
6885.097085	103.546196	-0.358461	-0.265893	119
6887.156383	100.274750	-0.356017	-0.267122	121
6889.222518	139.669739	-0.277755	-0.286051	123
6891.374871	139.470398	-0.336362	-0.244988	125
6893.332736	141.117554	-0.277021	-0.288113	127
6895.507470	179.878311	-0.275168	-0.339384	129
6897.545582	179.664169	-0.274144	-0.341949	131
6899.631316	181.229004	-0.273034	-0.342195	133
6901.680382	180.841034	-0.274383	-0.341364	135
6903.730364	180.971985	-0.273411	-0.341842	137
6905.815442	181.464005	-0.272622	-0.341195	139
6907.857621	180.359100	-0.274704	-0.338692	141
6909.930475	180.423630	-0.272147	-0.338451	143
6911.990081	180.255081	-0.274199	-0.336663	145
6914.039229	180.027756	-0.272433	-0.336470	147
6916.116764	181.875732	-0.270327	-0.338033	149
6918.173677	181.829987	-0.271716	-0.336642	151
6920.247670	182.320358	-0.268266	-0.337426	153
6922.306460	183.556778	-0.268608	-0.337179	155
6924.366599	183.521286	-0.268164	-0.337204	157
6926.448475	182.292953	-0.270199	-0.333944	159
6928.502614	183.017151	-0.266916	-0.336494	161
6930.583486	183.963745	-0.267671	-0.335183	163
6932.638838	142.419617	-0.329919	-0.238631	165
6934.607758	144.158646	-0.270259	-0.279303	167
6936.774465	144.632431	-0.326712	-0.240494	169
6938.733342	105.790436	-0.345983	-0.257124	171
6940.803084	106.058456	-0.341505	-0.256960	173
6942.860521	107.542641	-0.344744	-0.254694	175
6944.928427	105.676605	-0.343047	-0.255432	177
6946.985550	106.945374	-0.341799	-0.256275	179
6949.047673	149.117050	-0.264551	-0.279652	181
6951.222241	187.662186	-0.260982	-0.333096	183
6953.276297	146.747467	-0.324278	-0.238632	185
6955.235520	147.345810	-0.269739	-0.277376	187
6957.395984	185.405045	-0.262675	-0.329577	189
6959.448399	185.966034	-0.262405	-0.331687	191
6961.514278	186.447342	-0.262502	-0.331119	193
6963.576168	185.569122	-0.263522	-0.329246	195
6965.626539	185.445282	-0.262424	-0.329330	197
6967.697562	184.634537	-0.263645	-0.326475	199
6969.750170	183.852921	-0.263333	-0.325712	201
6971.812239	184.910858	-0.261920	-0.326694	203
6973.875431	185.567902	-0.261798	-0.327257	205
6975.930456	185.641525	-0.260978	-0.326957	207
6978.000225	184.073853	-0.263920	-0.323126	209
6980.061652	184.254272	-0.260296	-0.324023	211
6982.117455	186.304993	-0.259101	-0.325233	213
6984.189582	187.515488	-0.256607	-0.326271	215
6986.250193	188.178543	-0.256488	-0.325646	217
6988.324365	186.524338	-0.259192	-0.323115	219
6990.378629	186.742859	-0.256688	-0.324369	221
6992.452547	187.642441	-0.256377	-0.323762	223
6994.514172	188.715942	-0.253808	-0.325185	225
6996.579448	190.074646	-0.253216	-0.325895	227
6998.652221	189.395981	-0.253810	-0.323948	229
7000.713284	189.079361	-0.253341	-0.323885	231
7002.777998	190.010300	-0.251707	-0.324650	233
7004.845403	149.858856	-0.316232	-0.229205	235
7006.801796	111.549591	-0.335484	-0.243997	237
7008.866027	111.115967	-0.333405	-0.243321	239
7010.934573	111.441597	-0.333822	-0.242914	241
7012.985760	150.540146	-0.258860	-0.263715	243
7015.161196	148.377884	-0.316624	-0.222921	245
7017.114725	110.419693	-0.332874	-0.244008	247
7019.175079	150.189224	-0.257593	-0.260961	249
7021.339946	190.256287	-0.249008	-0.319784	251
7023.400059	189.425156	-0.251485	-0.318071	253
7025.457562	189.478012	-0.249264	-0.318962	255
7027.514485	189.866638	-0.250188	-0.318366	1
7029.576154	189.486511	-0.249692	-0.318217	3
7031.631758	189.095505	-0.251025	-0.316928	5
7033.693575	189.325226	-0.248357	-0.316928	7
7035.753938	189.731354	-0.249116	-0.316172	9
7037.818988	187.879532	-0.251543	-0.312877	11
7039.877193	187.931259	-0.249906	-0.314244	13
7041.939409	189.243378	-0.248815	-0.314581	15
7044.001550	189.973083	-0.247810	-0.315784	17
7046.069999	190.477005	-0.246579	-0.315307	19
7048.128451	190.219406	-0.247366	-0.314359	21
7050.190288	189.386002	-0.248181	-0.312743	23
7052.255274	189.948105	-0.246004	-0.313799	25
7054.319568	191.241318	-0.243479	-0.314209	27
7056.385791	191.788376	-0.243835	-0.314637	29
7058.458431	192.194214	-0.243331	-0.314644	31
7060.517659	192.232330	-0.243260	-0.314088	33
7062.585364	151.507294	-0.310285	-0.217608	35
7064.551330	153.047424	-0.252268	-0.253710	37
7066.709204	192.210251	-0.241733	-0.311484	39
7068.783501	151.561081	-0.309520	-0.215767	41
7070.738993	115.243149	-0.325299	-0.232296	43
7072.794118	114.353516	-0.324493	-0.230455	45
7074.862088	113.610260	-0.321477	-0.230996	47
7076.935509	114.302528	-0.322482	-0.230624	49
7078.992087	114.550583	-0.321895	-0.230458	51
7081.052976	115.597290	-0.322642	-0.229738	53
7083.115857	116.996170	-0.322791	-0.228442	55
7085.180112	156.611145	-0.247073	-0.250847	57
7087.342838	195.188248	-0.235551	-0.309251	59
7089.401322	152.898941	-0.306309	-0.210079	61
7091.360494	153.736481	-0.248717	-0.246367	63
7093.519302	193.475571	-0.237891	-0.306166	65
7095.578779	193.730331	-0.237426	-0.307611	67
7097.638186	193.170319	-0.238792	-0.305471	69
7099.697738	192.213440	-0.238848	-0.304572	71
7101.760091	191.737183	-0.239196	-0.302798	73
7103.825352	192.524689	-0.236265	-0.303921	75
7105.890784	193.590317	-0.235652	-0.304432	77
