time (s)	theta (A)	maj axis/z0	min axis/z0	crossing#mod 255
1643.103769	22.640146	1.311889	-0.144810	255
1645.168822	23.011545	1.310299	-0.144797	1
1647.233421	23.454107	1.305637	-0.143053	3
1649.296998	23.449999	1.306860	-0.142378	5
1651.359777	23.109673	1.306395	-0.141595	7
1653.421034	22.527727	1.305971	-0.141558	9
1655.483256	22.193230	1.302826	-0.140601	11
1657.545450	21.909010	1.301607	-0.140130	13
1659.608410	21.655281	1.301475	-0.139999	15
1661.671267	21.602259	1.297225	-0.139736	17
1663.734829	21.556189	1.296219	-0.139092	19
1665.797890	21.464245	1.295764	-0.138797	21
1667.861285	21.535252	1.290930	-0.138300	23
1669.924865	21.468946	1.291188	-0.138124	25
1671.988875	21.484030	1.289380	-0.137856	27
1674.053743	21.569937	1.287630	-0.137650	29
1676.118136	21.674486	1.287659	-0.137921	31
1678.181947	21.577108	1.287845	-0.138037	33
1680.244464	21.485767	1.288224	-0.138259	35
1682.306272	21.201561	1.289243	-0.138161	37
1684.367596	20.945795	1.286744	-0.137710	39
1686.429666	20.696806	1.285466	-0.137700	41
1688.492871	20.591866	1.284704	-0.137345	43
1690.556732	20.581522	1.282329	-0.136891	45
1692.621170	20.591232	1.281497	-0.136652	47
1694.685353	20.612343	1.279060	-0.135611	49
1696.749099	20.598682	1.277362	-0.135167	51
1698.812531	20.659250	1.276898	-0.134999	53
1700.876309	20.565519	1.275806	-0.134408	55
1702.939315	20.537172	1.275617	-0.134300	57
1705.002190	20.370253	1.275453	-0.134090	59
1707.064775	20.122173	1.273231	-0.133891	61
1709.126969	19.885614	1.270448	-0.133119	63
1711.189081	19.515265	1.268014	-0.133027	65
1713.251550	19.219086	1.263291	-0.132417	67
1715.314758	19.119959	1.260688	-0.132270	69
1717.378628	19.195673	1.259964	-0.132133	71
1719.442959	19.363480	1.256416	-0.132196	73
1721.507481	19.694822	1.257325	-0.131947	75
1723.571654	19.791044	1.258389	-0.131866	77
1725.635052	19.805798	1.258285	-0.131292	79
1727.697986	19.610271	1.257550	-0.130907	81
1729.760271	19.265118	1.257886	-0.130269	83
1731.822953	19.075562	1.256479	-0.129877	85
1733.885420	18.879494	1.254613	-0.129541	87
1735.948639	18.738623	1.253548	-0.129005	89
1738.011500	18.678061	1.247578	-0.128387	91
1740.074682	18.621111	1.246444	-0.128454	93
1742.138065	18.565397	1.244730	-0.127807	95
1744.201996	18.515770	1.246295	-0.127949	97
1746.265971	18.478962	1.244222	-0.127571	99
1748.329558	18.444834	1.241001	-0.127181	101
1750.393245	18.425581	1.240017	-0.127193	103
1752.456253	18.311852	1.240303	-0.127234	105
1754.518586	18.168299	1.238708	-0.127502	107
1756.580288	17.894741	1.239426	-0.127154	109
1758.641878	17.710058	1.239717	-0.127239	111
1760.703933	17.526590	1.238134	-0.126523	113
1762.766539	17.347475	1.236571	-0.126169	115
1764.830871	17.392353	1.232275	-0.125031	117
1766.893402	17.301270	1.232804	-0.124675	119
1768.957484	17.209198	1.234247	-0.124084	121
1771.020872	17.066845	1.230940	-0.123989	123
1773.084066	17.037081	1.227301	-0.123304	125
1775.147381	16.958059	1.225947	-0.123067	127
1777.210128	16.904411	1.226496	-0.123243	129
1779.273917	16.853481	1.225072	-0.122847	131
1781.336385	16.677145	1.224961	-0.122519	133
1783.398799	16.499552	1.223420	-0.122382	135
1785.461606	16.242287	1.222541	-0.121895	137
1787.523957	16.101274	1.217370	-0.121909	139
1789.587350	15.975698	1.217274	-0.121387	141
1791.651527	16.155098	1.214696	-0.121738	143
1793.715874	16.315975	1.211912	-0.121049	145
1795.780091	16.496309	1.207538	-0.120794	147
1797.843641	16.725906	1.207595	-0.120227	149
1799.907402	16.627523	1.206801	-0.119212	151
1801.970573	16.427917	1.204719	-0.118796	153
1804.033052	16.273973	1.202828	-0.118149	155
1806.095867	16.182600	1.200849	-0.117415	157
1808.158747	16.030312	1.199140	-0.117342	159
1810.221715	15.901378	1.197585	-0.117103	161
1812.284750	15.790386	1.197313	-0.116927	163
1814.348128	15.737232	1.195232	-0.116595	165
1816.411022	15.680905	1.192739	-0.115952	167
1818.474663	15.600159	1.190044	-0.115858	169
1820.538026	15.539576	1.188408	-0.115624	171
1822.601052	15.486034	1.189681	-0.116088	173
1824.663664	15.282747	1.189162	-0.116259	175
1826.725847	15.133797	1.187895	-0.115918	177
1828.787811	14.910651	1.188183	-0.115749	179
1830.849736	14.765683	1.186716	-0.115315	181
1832.911517	14.593868	1.187630	-0.115171	183
1834.974202	14.473136	1.187272	-0.115337	185
1837.037055	14.408487	1.185708	-0.114683	187
1839.100211	14.267908	1.185083	-0.114303	189
1841.163913	14.253328	1.182625	-0.113682	191
1843.227222	14.178304	1.181624	-0.113326	193
1845.290676	14.155236	1.180837	-0.112692	195
1847.353830	14.055732	1.179868	-0.112416	197
1849.416897	13.978428	1.178221	-0.112034	199
1851.479508	13.887146	1.178877	-0.111836	201
1853.542073	13.676027	1.176927	-0.111511	203
1855.604702	13.540944	1.175108	-0.111168	205
1857.667365	13.402174	1.173303	-0.110935	207
1859.730767	13.335653	1.172235	-0.110867	209
1861.794602	13.377903	1.169875	-0.110767	211
1863.858656	13.479685	1.168244	-0.110593	213
1865.922626	13.548318	1.166149	-0.109972	215
1867.986648	13.761665	1.161807	-0.109570	217
1870.050546	13.830530	1.162604	-0.109504	219
1872.114457	13.846107	1.160961	-0.108636	221
1874.177359	13.764706	1.160607	-0.108687	223
1876.240317	13.710073	1.160479	-0.108740	225
1878.303317	13.624455	1.159806	-0.108182	227
1880.366536	13.493631	1.159741	-0.107607	229
1882.429397	13.441953	1.157662	-0.107217	231
1884.492446	13.331965	1.156328	-0.107048	233
1886.555696	13.211308	1.156409	-0.106831	235
1888.618600	13.169307	1.155254	-0.107194	237
1890.681551	13.059607	1.155271	-0.107397	239
1892.744216	12.887182	1.153506	-0.107140	241
1894.806925	12.791459	1.152251	-0.107162	243
1896.869220	12.672282	1.150782	-0.106740	245
1898.931311	12.481566	1.151704	-0.106521	247
1900.993111	12.283381	1.150695	-0.106097	249
1903.054941	12.160269	1.149310	-0.105508	251
1905.117377	12.054525	1.147515	-0.105459	253
1907.180057	11.928958	1.143709	-0.105042	255
1909.242704	11.897367	1.141035	-0.104502	1
1911.306069	11.731147	1.138353	-0.103965	3
1913.369433	11.737169	1.137170	-0.103766	5
1915.432505	11.668097	1.138168	-0.103749	7
1917.495481	11.605196	1.138494	-0.103588	9
1919.558438	11.543377	1.138698	-0.103497	11
1921.621375	11.353480	1.137007	-0.103197	13
1923.684253	11.300176	1.133857	-0.102932	15
1925.746836	11.173482	1.131252	-0.102777	17
1927.809671	11.062799	1.128329	-0.102159	19
1929.873017	10.913320	1.127823	-0.102224	21
1931.936223	10.929639	1.126211	-0.101819	23
1933.999893	10.979918	1.125233	-0.101844	25
1936.063799	11.076239	1.124279	-0.101674	27
1938.127789	11.109085	1.123788	-0.101866	29
1940.191663	11.224728	1.123069	-0.101932	31
1942.255258	11.250751	1.120969	-0.101325	33
1944.318876	11.277071	1.118867	-0.100739	35
1946.382138	11.239572	1.116049	-0.100046	37
1948.445288	11.205933	1.114196	-0.099450	39
1950.508533	11.144499	1.114886	-0.099398	41
1952.571369	10.997828	1.114369	-0.099136	43
1954.634251	10.882508	1.113869	-0.099083	45
1956.697119	10.858093	1.112703	-0.098885	47
1958.760058	10.773558	1.113531	-0.098743	49
1960.823151	10.650770	1.111749	-0.098485	51
1962.885664	10.541818	1.110647	-0.098370	53
1964.948211	10.418714	1.111399	-0.098558	55
1967.010416	10.272565	1.110126	-0.098376	57
1969.072404	10.146283	1.108207	-0.098003	59
1971.134483	10.028100	1.106934	-0.097291	61
1973.196486	9.879457	1.105402	-0.096699	63
1975.258742	9.801052	1.104050	-0.096517	65
1977.321082	9.653834	1.102512	-0.096274	67
1979.383910	9.609785	1.100324	-0.095526	69
1981.446780	9.529393	1.098129	-0.094760	71
1983.510059	9.460989	1.098887	-0.094854	73
1985.573098	9.424591	1.097412	-0.094381	75
1987.636002	9.361194	1.096568	-0.093914	77
1989.699030	9.295514	1.095567	-0.093215	79
1991.762064	9.192946	1.094154	-0.093045	81
1993.824571	9.055919	1.094133	-0.092830	83
1995.887216	8.959520	1.093339	-0.092055	85
1997.950061	8.913364	1.093787	-0.092861	87
