time (s)	theta (A)	maj axis/z0	min axis/z0	crossing#mod 255
7650.486429	25.562719	-0.890640	0.212333	67
7652.551106	207.385895	0.885350	-0.209706	69
7654.613015	207.178772	0.893053	-0.214708	71
7656.675999	25.398510	-0.890269	0.213292	73
7658.738936	25.090078	-0.886804	0.210695	75
7660.801979	205.615067	0.885442	-0.209952	77
7662.863991	205.871582	0.885179	-0.210095	79
7664.929044	205.607956	0.885696	-0.209775	81
7666.988320	205.409134	0.885222	-0.208956	83
7669.049830	205.331619	0.881714	-0.209262	85
7671.113297	205.497955	0.876002	-0.210052	87
7673.181093	25.478325	-0.875809	0.209571	89
7675.242751	25.367453	-0.882177	0.205833	91
7677.300098	205.402649	0.875933	-0.207700	93
7679.367593	205.204086	0.870553	-0.209495	95
7681.429017	24.993986	-0.879501	0.203656	97
7683.487891	204.893845	0.869240	-0.207804	99
7685.557421	24.713236	-0.872853	0.208262	101
7687.614823	204.938141	0.881004	-0.204030	103
7689.675589	204.839828	0.871722	-0.209284	105
7691.745986	24.671291	-0.871333	0.207247	107
7693.806206	204.595230	0.876382	-0.203922	109
7695.863338	204.383575	0.874753	-0.204886	111
7697.926953	204.187317	0.868677	-0.206284	113
7699.992776	24.405966	-0.869171	0.205714	115
7702.059068	204.570831	0.868082	-0.204152	117
7704.121918	204.688065	0.869125	-0.203516	119
7706.184454	204.747589	0.869793	-0.203610	121
7708.246333	204.528107	0.867932	-0.203284	123
7710.307078	204.123291	0.868994	-0.203689	125
7712.367641	23.312773	-0.868063	0.203571	127
7714.428137	22.749517	-0.865311	0.201701	129
7716.492798	23.241076	-0.858761	0.198695	131
7718.560847	204.318146	0.858180	-0.198885	133
7720.621118	203.748398	0.864627	-0.202262	135
7722.679172	22.253174	-0.860777	0.200851	137
7724.744269	22.840586	-0.852991	0.196468	139
7726.811936	204.076187	0.857957	-0.198737	141
7728.871620	203.096924	0.863939	-0.201338	143
7730.930858	22.054558	-0.858278	0.198808	145
7732.996073	22.526199	-0.851892	0.195749	147
7735.061523	23.355330	-0.852234	0.196690	149
7737.124171	203.236099	0.854833	-0.197696	151
7739.185295	22.551161	-0.855044	0.198481	153
7741.245713	22.100201	-0.854025	0.197938	155
7743.307016	21.834354	-0.850933	0.196852	157
7745.369426	21.731871	-0.848752	0.195906	159
7747.431679	21.710083	-0.846867	0.195455	161
7749.495384	21.812126	-0.845822	0.195732	163
7751.559944	21.920191	-0.843681	0.195215	165
7753.625578	22.091454	-0.844122	0.195193	167
7755.689168	22.025719	-0.845799	0.194871	169
7757.749941	21.698799	-0.847958	0.193307	171
7759.808116	21.450474	-0.846623	0.192604	173
7761.869320	21.344296	-0.840863	0.194104	175
7763.936675	21.334621	-0.838900	0.194597	177
7766.001952	21.378292	-0.840303	0.192809	179
7768.062214	21.205042	-0.843007	0.191059	181
7770.120223	20.919752	-0.841260	0.191174	183
7772.181717	20.758610	-0.836202	0.192121	185
7774.247953	20.860588	-0.835929	0.192787	187
7776.313997	21.077898	-0.834962	0.191514	189
7778.378081	21.223173	-0.834618	0.190733	191
7780.440669	21.125137	-0.834305	0.189426	193
7782.502544	21.032839	-0.833496	0.189048	195
7784.564820	204.341812	0.721655	-0.500000	197
7786.627901	20.860920	-0.831112	0.187743	199
7788.691016	20.961487	-0.829598	0.187495	201
7790.754121	21.044983	-0.829939	0.187475	203
7792.816261	204.378052	0.653178	-0.500000	205
7794.875882	20.182415	-0.832514	0.188747	207
7796.935839	19.465441	-0.830902	0.188086	209
7798.996893	19.127172	-0.828141	0.186689	211
7801.061165	19.380939	-0.824341	0.185087	213
7803.127220	20.049397	-0.822166	0.184008	215
7805.192495	20.445240	-0.823133	0.184978	217
7807.253688	19.908833	-0.825643	0.186188	219
7809.311893	19.078671	-0.825154	0.186057	221
7811.372312	18.588539	-0.822909	0.184689	223
7813.435324	18.572834	-0.820046	0.183289	225
7815.500038	18.864067	-0.818447	0.182367	227
7817.564337	19.092203	-0.817342	0.182256	229
7819.628210	19.236761	-0.816335	0.181782	231
7821.692028	19.261692	-0.817236	0.181818	233
7823.754701	19.209497	-0.816459	0.181423	235
7825.817064	19.054773	-0.815940	0.181210	237
7827.879080	18.819008	-0.816007	0.180630	239
7829.939876	18.533010	-0.816256	0.180128	241
7832.000570	18.286287	-0.814571	0.179598	243
7834.060926	18.026510	-0.811671	0.179105	245
7836.122877	17.985458	-0.809021	0.178992	247
7838.187353	18.027718	-0.806123	0.179296	249
7840.253540	18.223358	-0.805205	0.179131	251
7842.318852	18.332405	-0.805566	0.177790	253
7844.381217	18.259651	-0.805657	0.176705	255
7846.441066	17.902069	-0.807296	0.175991	1
7848.500394	17.577761	-0.806197	0.175517	3
7850.560589	17.286352	-0.801679	0.175724	5
7852.623974	17.272818	-0.798754	0.175214	7
7854.688120	17.218821	-0.797170	0.175298	9
7856.752037	17.307074	-0.798351	0.175485	11
7858.815403	17.357769	-0.797243	0.175060	13
7860.878548	17.345240	-0.797116	0.174513	15
7862.941232	17.248667	-0.796168	0.174314	17
7865.003501	17.121166	-0.797790	0.174428	19
7867.065303	16.921808	-0.797343	0.174531	21
7869.126412	16.580706	-0.797837	0.174128	23
7871.188007	16.349922	-0.796683	0.173579	25
7873.250014	16.176012	-0.794759	0.172686	27
7875.313120	16.091478	-0.792992	0.171352	29
7877.377791	16.359333	-0.791094	0.170615	31
7879.443133	16.821102	-0.791210	0.170507	33
7881.507837	17.201506	-0.791245	0.170838	35
7883.570651	17.165991	-0.792197	0.171692	37
7885.631492	16.721697	-0.792309	0.171767	39
7887.691355	16.151861	-0.791811	0.172094	41
7889.752191	15.666539	-0.789344	0.171107	43
7891.813314	15.414850	-0.788088	0.170190	45
7893.875481	15.331001	-0.787231	0.169884	47
7895.938813	15.272070	-0.786025	0.168679	49
7898.001609	15.267271	-0.785707	0.168775	51
7900.064313	15.296346	-0.785184	0.168547	53
7902.126782	15.202184	-0.783242	0.168217	55
7904.188871	15.153480	-0.781490	0.167547	57
7906.250098	15.064912	-0.781161	0.168034	59
7908.312521	14.926414	-0.780491	0.167865	61
7910.376055	14.961797	-0.779302	0.167935	63
7912.440650	15.027212	-0.776809	0.167988	65
7914.505861	15.190865	-0.775799	0.167339	67
7916.570744	15.308514	-0.775455	0.167057	69
7918.634010	15.338095	-0.774625	0.166060	71
7920.696106	15.215640	-0.774512	0.164934	73
7922.756461	14.939399	-0.774512	0.164628	75
7924.816255	14.678627	-0.773613	0.164140	77
7926.876701	14.421774	-0.773145	0.164011	79
7928.938550	14.288843	-0.771546	0.164168	81
7931.001149	14.245502	-0.770390	0.163771	83
7933.063470	14.086367	-0.767605	0.163577	85
7935.126268	13.954688	-0.767277	0.163696	87
7937.188604	13.846746	-0.766537	0.163262	89
7939.251179	13.743706	-0.766480	0.162843	91
7941.313627	13.644504	-0.766437	0.162200	93
7943.376123	13.495606	-0.765254	0.161497	95
7945.438843	13.393456	-0.763953	0.160752	97
7947.502105	13.440402	-0.764400	0.159795	99
7949.564805	13.422245	-0.761589	0.159676	101
7951.628885	13.608147	-0.759839	0.159359	103
7953.694035	14.018827	-0.756668	0.157420	105
7955.757945	14.227011	-0.758990	0.159009	107
7957.821092	14.297701	-0.758879	0.158761	109
7959.883254	14.073099	-0.759251	0.159217	111
