crossing time (s)	slope (V/s)	crossing number
3727.220888	13.155061	2773
3728.252120	12.923176	2774
3729.286151	12.388002	2775
3730.317826	13.123580	2776
3731.345070	12.880606	2777
3732.379801	12.693266	2778
3733.408398	12.700743	2779
3734.446835	13.531778	2780
3735.467786	13.515383	2781
3736.507915	13.118788	2782
3737.529100	12.886163	2783
3738.576122	13.391942	2784
3739.592655	12.561538	2785
3740.634608	12.979823	2786
3741.658470	12.694199	2787
3742.691470	13.316381	2788
3743.726881	12.840173	2789
3744.757895	13.383109	2790
3745.783091	13.125040	2791
3746.825082	12.755316	2792
3747.841369	12.885409	2793
3748.889597	12.902954	2794
3749.907545	12.254901	2795
3750.946191	13.367889	2796
3751.971243	12.623606	2797
3753.008273	13.120296	2798
3754.036368	12.767599	2799
3755.069516	12.917715	2800
3756.097199	12.594890	2801
3757.134322	12.932964	2802
3758.158974	13.013432	2803
3759.196239	12.674849	2804
3760.219487	12.438641	2805
3761.262583	12.893649	2806
3762.280671	12.772091	2807
3763.327817	12.865714	2808
3764.344295	12.602751	2809
3765.392149	12.848459	2810
3766.409686	12.787802	2811
3767.453101	12.778804	2812
3768.468943	12.543311	2813
3769.514262	12.427247	2814
3770.533987	12.475116	2815
3771.578578	12.910344	2816
3772.595481	12.714508	2817
3773.641832	12.684245	2818
3774.662691	12.461600	2819
3775.699132	12.380238	2820
3776.728529	12.388086	2821
3777.761658	12.722659	2822
3778.790361	12.582956	2823
3779.824773	12.893611	2824
3780.852610	12.343471	2825
3781.892226	12.676736	2826
3782.911632	12.226584	2827
3783.955076	12.693068	2828
3784.975216	12.515881	2829
3786.019312	12.795065	2830
3787.035593	12.591709	2831
3788.078983	12.558014	2832
3789.102060	12.296258	2833
3790.139345	12.597932	2834
3791.168969	12.295038	2835
3792.199685	12.933340	2836
3793.229052	12.399759	2837
3794.261830	12.690149	2838
3795.290476	12.376750	2839
3796.328842	12.703231	2840
3797.350416	12.186030	2841
3798.393721	12.719846	2842
3799.410504	12.469043	2843
3800.456720	12.773790	2844
3801.473852	12.365731	2845
3802.524585	12.579863	2846
3803.540726	12.339159	2847
3804.583726	12.660109	2848
3805.600571	12.450655	2849
3806.644322	12.520618	2850
3807.660441	12.180064	2851
3808.709895	12.515541	2852
3809.724635	12.153633	2853
3810.770415	12.719495	2854
3811.787875	12.113627	2855
3812.831951	12.498008	2856
3813.853779	12.177708	2857
3814.890610	12.559815	2858
3815.920380	12.030754	2859
3816.953023	12.671987	2860
3817.985512	12.179321	2861
3819.014617	12.539554	2862
3820.047706	12.247786	2863
3821.080781	12.147192	2864
3822.107647	12.255335	2865
3823.143750	12.207760	2866
3824.170266	12.323370	2867
3825.211637	12.284312	2868
3826.227171	12.185693	2869
3827.272298	12.300973	2870
3828.288239	12.079185	2871
3829.335059	12.519712	2872
3830.356451	11.929574	2873
3831.395304	12.477024	2874
3832.421218	12.050090	2875
3833.454719	12.324232	2876
3834.484974	11.992575	2877
3835.517461	12.218979	2878
3836.551197	11.904357	2879
3837.581940	12.210010	2880
3838.611108	11.933196	2881
3839.644393	12.200629	2882
3840.671343	12.004488	2883
3841.703986	12.056660	2884
3842.735451	12.036265	2885
3843.771280	12.212447	2886
3844.800528	12.105535	2887
3845.834269	12.235676	2888
3846.860841	11.939840	2889
3847.895366	12.053580	2890
3848.922985	11.843847	2891
3849.955163	12.062611	2892
3850.987302	11.921460	2893
3852.020907	12.098401	2894
3853.051738	11.830366	2895
3854.087099	12.134493	2896
3855.111618	11.639046	2897
3856.147404	11.985172	2898
3857.172126	11.772010	2899
3858.215924	12.209294	2900
3859.233028	11.779256	2901
3860.273830	11.998754	2902
3861.291947	11.758300	2903
3862.339900	11.848120	2904
3863.357720	11.577412	2905
3864.401681	12.059728	2906
3865.425029	11.861799	2907
3866.459476	11.973427	2908
3867.486512	11.850746	2909
3868.523691	11.905720	2910
3869.551845	11.597840	2911
3870.583855	11.961473	2912
3871.614572	11.723345	2913
3872.647415	12.040682	2914
3873.678184	11.762066	2915
3874.712228	11.802472	2916
3875.739585	11.488063	2917
3876.773319	12.008425	2918
3877.799758	11.606213	2919
3878.836509	11.904648	2920
3879.863625	11.561699	2921
3880.901344	11.867451	2922
3881.925496	11.470628	2923
3882.966151	11.920075	2924
3883.987954	11.340485	2925
3885.025659	11.781751	2926
3886.052159	11.290775	2927
3887.085614	11.767577	2928
3888.115223	11.475929	2929
3889.149038	11.964960	2930
3890.177793	11.490868	2931
3891.210819	11.716544	2932
3892.242310	11.550354	2933
3893.270901	11.644754	2934
3894.305402	11.611802	2935
3895.337815	11.557228	2936
3896.365773	11.545418	2937
3897.403208	11.498734	2938
3898.424173	11.548187	2939
3899.470300	11.545951	2940
3900.486455	11.497660	2941
3901.532090	11.398436	2942
3902.547999	11.449445	2943
3903.594116	11.570463	2944
3904.609520	11.475056	2945
3905.656110	11.705280	2946
3906.674458	11.342550	2947
3907.716023	11.634391	2948
3908.738928	11.193437	2949
3909.777587	11.554242	2950
3910.803927	11.042294	2951
3911.840731	11.618262	2952
3912.866299	11.215726	2953
3913.902655	11.570714	2954
3914.929562	11.246879	2955
3915.962304	11.589083	2956
3916.993980	11.384325	2957
3918.025600	11.383825	2958
3919.057521	11.124651	2959
3920.089602	11.421133	2960
3921.119563	11.263672	2961
3922.151075	11.429810	2962
3923.180719	11.140961	2963
3924.214053	11.443983	2964
3925.244786	11.135811	2965
3926.280263	11.422909	2966
3927.304419	11.017650	2967
3928.342910	11.396825	2968
3929.365730	11.112009	2969
3930.405475	11.258273	2970
3931.428158	11.094703	2971
3932.469913	11.352787	2972
3933.486928	11.093431	2973
3934.534827	11.257450	2974
3935.550374	11.456681	2975
3936.598832	11.226385	2976
3937.616092	11.263869	2977
3938.656854	11.211873	2978
3939.679882	10.995412	2979
3940.717888	11.278022	2980
3941.741573	11.222190	2981
3942.780581	11.188211	2982
3943.807183	11.135162	2983
