time (s)	theta (A)	maj axis/z0	min axis/z0	crossing#mod 255
7975.341430	217.413925	-0.855194	-0.317362	125
7977.407003	216.610535	-0.853453	-0.317565	127
7979.467836	215.887650	-0.853339	-0.317581	129
7981.532400	215.698761	-0.852426	-0.317364	131
7983.595839	215.753525	-0.850564	-0.317184	133
7985.658420	215.956940	-0.849568	-0.316982	135
7987.722324	216.180161	-0.849211	-0.317810	137
7989.782195	216.512878	-0.851115	-0.318760	139
7991.844187	217.377487	-0.849695	-0.319584	141
7993.903273	218.342529	-0.850221	-0.319413	143
7995.965003	218.253311	-0.843373	-0.316776	145
7998.031360	217.221878	-0.840029	-0.316227	147
8000.099196	216.704437	-0.841639	-0.318045	149
8002.159274	217.535400	-0.845176	-0.320829	151
8004.215551	218.746201	-0.840639	-0.318704	153
8006.278802	218.664841	-0.834166	-0.315902	155
8008.347253	217.753952	-0.834555	-0.317140	157
8010.413354	217.400757	-0.836707	-0.319341	159
8012.472215	217.986526	-0.837714	-0.320216	161
8014.531101	218.772583	-0.835056	-0.319236	163
8016.592302	219.390717	-0.831200	-0.318053	165
8018.653076	219.762054	-0.828950	-0.317539	167
8020.716224	219.727585	-0.829253	-0.317691	169
8022.779348	219.772217	-0.827221	-0.317702	171
8024.842094	219.957367	-0.826641	-0.318065	173
8026.902988	220.025940	-0.824698	-0.317791	175
8028.965886	220.216583	-0.822692	-0.317841	177
8031.030459	220.076813	-0.821663	-0.319000	179
8033.095256	219.536880	-0.818894	-0.320006	181
8035.164184	219.056076	-0.816820	-0.319233	183
8037.227717	219.068207	-0.816970	-0.318010	185
8039.286197	219.512360	-0.818152	-0.317392	187
8041.343447	220.183075	-0.816171	-0.317728	189
8043.405692	220.467209	-0.811688	-0.318498	191
8045.472963	220.080109	-0.809080	-0.319606	193
8047.539692	219.730850	-0.808347	-0.319527	195
8049.602263	219.719696	-0.808901	-0.318235	197
8051.662127	220.102295	-0.808049	-0.317740	199
8053.721745	220.672256	-0.807480	-0.318213	201
8055.781839	221.103577	-0.806417	-0.319301	203
8057.845281	221.261200	-0.803416	-0.319000	205
8059.907184	221.421509	-0.803362	-0.319911	207
8061.969686	221.521896	-0.801714	-0.319623	209
8064.032747	221.575623	-0.800133	-0.319802	211
8066.096613	221.613281	-0.798216	-0.319867	213
8068.160044	221.493713	-0.795833	-0.318791	215
8070.224454	221.217041	-0.793851	-0.318967	217
8072.289682	220.799988	-0.791440	-0.318623	219
8074.354619	220.309174	-0.791462	-0.319009	221
8076.417606	220.273895	-0.792596	-0.321260	223
8078.478462	221.023682	-0.794084	-0.322826	225
8080.536795	221.992462	-0.792994	-0.322339	227
8082.597574	222.697083	-0.790067	-0.321608	229
8084.661363	224.408829	-1.459261	-0.500000	231
8086.727441	221.696503	-0.786397	-0.321575	233
8088.792442	221.322433	-0.787350	-0.322836	235
8090.857391	221.071777	-0.787166	-0.323825	237
8092.919661	221.258270	-0.785652	-0.323588	239
8094.980996	221.684753	-0.784035	-0.324242	241
8097.040941	222.104004	-0.783950	-0.324424	243
8099.103744	222.363983	-0.782336	-0.324774	245
8101.166260	214.930847	-1.435066	-0.500000	247
8103.230034	202.702988	-1.405726	-0.500000	249
8105.293717	199.637695	-1.377631	-0.500000	251
8107.357786	194.518967	-1.373553	-0.500000	253
8109.422327	201.932663	-1.355007	-0.500000	255
8111.484981	206.547791	-1.332377	-0.500000	1
8113.544960	212.151413	-1.288583	-0.500000	3
8115.604709	210.068100	-1.276891	-0.500000	5
8117.663157	193.985229	-1.276972	-0.500000	7
8119.725581	186.393738	-1.231635	-0.500000	9
8121.789548	208.575180	-1.255082	-0.500000	11
8123.856264	199.697144	-1.221117	-0.500000	13
8125.922329	210.873169	-1.169624	-0.500000	15
8127.985995	200.608978	-1.152921	-0.500000	17
8130.048394	193.671722	-1.084947	-0.500000	19
8132.109577	193.507538	-1.033784	-0.500000	21
8134.170716	202.758408	-0.989475	-0.500000	23
8136.232398	201.596451	-0.954172	-0.500000	25
8138.294282	201.822617	-0.932157	-0.500000	27
8140.357056	197.965851	-0.902138	-0.500000	29
8142.420693	196.039352	-0.905785	-0.500000	31
8144.483737	198.005844	-0.837982	-0.500000	33
8146.547826	198.407516	-0.852805	-0.500000	35
8148.612411	191.405197	-0.785570	-0.500000	37
8150.674932	196.247955	-0.934411	-0.500000	39
8152.735574	199.162018	-0.891251	-0.500000	41
8154.794870	208.631195	-0.875876	-0.500000	43
8156.854490	214.189911	-0.940019	-0.500000	45
8158.916332	219.376648	-0.788818	-0.500000	47
8160.978023	217.868134	-0.747601	-0.500000	49
8163.043154	199.933884	-0.590933	-0.500000	51
8165.108175	207.866867	-0.518875	-0.500000	53
8167.173074	208.969223	-0.477737	-0.500000	55
8169.237454	201.682373	-0.564415	-0.500000	57
8171.301788	204.416718	-0.544194	-0.500000	59
8173.364905	205.794724	-0.473951	-0.500000	61
8175.428281	209.029755	-0.492066	-0.500000	63
8177.491016	214.353699	-0.469806	-0.500000	65
8179.553414	207.060928	-0.493929	-0.500000	67
8181.614961	210.344086	-0.429829	-0.500000	69
8183.679344	214.966049	-0.419385	-0.500000	71
8185.739812	214.584167	-0.370925	-0.500000	73
8187.800292	214.463699	-0.366123	-0.500000	75
8189.860199	226.862106	-0.728349	-0.328633	77
8191.919883	227.304428	-0.726438	-0.328036	79
8193.981727	227.603210	-0.724517	-0.328032	81
8196.044786	227.553818	-0.722293	-0.328240	83
8198.109853	227.207336	-0.720804	-0.329250	85
8200.176032	226.804169	-0.719069	-0.329486	87
8202.240964	226.456558	-0.718161	-0.329651	89
8204.306045	226.359787	-0.717333	-0.329631	91
8206.368913	226.445175	-0.716264	-0.329316	93
8208.430929	226.505920	-0.714695	-0.328614	95
8210.492953	226.550781	-0.711660	-0.327670	97
8212.555183	226.694412	-0.712167	-0.328568	99
8214.618646	226.757095	-0.711807	-0.329142	101
8216.681152	226.711502	-0.710487	-0.329097	103
8218.743709	226.822174	-0.707012	-0.327970	105
8220.807170	227.035568	-0.705457	-0.328108	107
8222.868885	227.213348	-0.704188	-0.328369	109
8224.928854	227.467758	-0.704300	-0.329383	111
8226.989794	227.972794	-0.703944	-0.329885	113
8229.048659	228.636795	-0.703069	-0.329744	115
8231.110431	229.191544	-0.701878	-0.329528	117
8233.169963	229.509567	-0.698756	-0.329961	119
8235.232390	229.590988	-0.698153	-0.329764	121
8237.299134	229.301926	-0.697053	-0.329498	123
8239.363457	228.938278	-0.696523	-0.329387	125
8241.427179	228.670151	-0.693091	-0.328751	127
8243.493083	228.450104	-0.692249	-0.328489	129
8245.556719	228.404984	-0.691069	-0.328284	131
8247.619380	228.451279	-0.689773	-0.328129	133
8249.683064	228.621231	-0.688789	-0.328146	135
8251.745999	228.729355	-0.687937	-0.328117	137
8253.806492	228.936066	-0.687149	-0.328463	139
8255.868103	229.220291	-0.686608	-0.328645	141
8257.929426	229.734604	-0.685515	-0.328927	143
8259.990607	230.150269	-0.686064	-0.328767	145
8262.051651	230.568283	-0.684399	-0.330141	147
8264.113381	230.815933	-0.680936	-0.327426	149
8266.174563	230.759109	-0.679343	-0.327513	151
8268.239350	230.729019	-0.678753	-0.328446	153
8270.303863	230.503433	-0.679313	-0.329157	155
8272.369402	230.016113	-0.679080	-0.330055	157
8274.434810	229.669083	-0.677647	-0.330124	159
8276.499513	229.436935	-0.676735	-0.329899	161
8278.563334	229.341644	-0.676477	-0.329873	163
